1341847980.722988
1341847980.754743
1341847980.786856
1341847980.822978
1341847980.854676
1341847980.890728
1341847980.922978
1341847980.954645
1341847980.990699
1341847981.022715
1341847981.054711
1341847981.090715
1341847981.122985
1341847981.158632
1341847981.190636
1341847981.222978
1341847981.258722
1341847981.290787
1341847981.322892
1341847981.358690
1341847981.390810
1341847981.426707
1341847981.458797
1341847981.490701
1341847981.527039
1341847981.558722
1341847981.594855
1341847981.626675
1341847981.658738
1341847981.694720
1341847981.726650
1341847981.758846
1341847981.794659
1341847981.826678
1341847981.862719
1341847981.894631
1341847981.926602
1341847981.994808
1341847982.062739
1341847982.094786
1341847982.130710
1341847982.162730
1341847982.194674
1341847982.230594
1341847982.262666
1341847982.294994
1341847982.330655
1341847982.398909
1341847982.430770
1341847982.462624
1341847982.498616
1341847982.530757
1341847982.566660
1341847982.598726
1341847982.630723
1341847982.666620
1341847982.698638
1341847982.730674
1341847982.766706
1341847982.798737
1341847982.834747
1341847982.866670
1341847982.898700
1341847982.934803
1341847982.966708
1341847982.998783
1341847983.034693
1341847983.066707
1341847983.102757
1341847983.134717
1341847983.166651
1341847983.202653
1341847983.234717
1341847983.266753
1341847983.302701
1341847983.334718
1341847983.370887
1341847983.402670
1341847983.434705
1341847983.470674
1341847983.502767
1341847983.534806
1341847983.570684
1341847983.602741
1341847983.638729
1341847983.702857
1341847983.738736
1341847983.770707
1341847983.806672
1341847983.838719
1341847983.870712
1341847983.906692
1341847983.938757
1341847983.970809
1341847984.006722
1341847984.038718
1341847984.074737
1341847984.106759
1341847984.138698
1341847984.174831
1341847984.206711
1341847984.238670
1341847984.274795
1341847984.306662
1341847984.343094
1341847984.406718
1341847984.442894
1341847984.474640
1341847984.506747
1341847984.542747
1341847984.574807
1341847984.610792
1341847984.642667
1341847984.674804
1341847984.710651
1341847984.743352
1341847984.778881
1341847984.810639
1341847984.842655
1341847984.878779
1341847984.910613
1341847984.943053
1341847984.979236
1341847985.010633
1341847985.046612
1341847985.078667
1341847985.110771
1341847985.146824
1341847985.178699
1341847985.210840
1341847985.246735
1341847985.278902
1341847985.314648
1341847985.346842
1341847985.378830
1341847985.414650
1341847985.446854
1341847985.478685
1341847985.514673
1341847985.546814
1341847985.582581
1341847985.614773
1341847985.647097
1341847985.682842
1341847985.714719
1341847985.746954
1341847985.782765
1341847985.814703
1341847985.850739
1341847985.882782
1341847985.914968
1341847985.950751
1341847985.982712
1341847986.018756
1341847986.051991
1341847986.082612
1341847986.118719
1341847986.150636
1341847986.182648
1341847986.218674
1341847986.250584
1341847986.286733
1341847986.326156
1341847986.359210
1341847986.394467
1341847986.425858
1341847986.457691
1341847986.493735
1341847986.525772
1341847986.561706
1341847986.593712
1341847986.625740
1341847986.661920
1341847986.693739
1341847986.725896
1341847986.762616
1341847986.793794
1341847986.829823
1341847986.886746
1341847986.922699
1341847986.954690
1341847986.990631
1341847987.022895
1341847987.054629
1341847987.091223
1341847987.123199
1341847987.190716
1341847987.259261
1341847987.290653
1341847987.322780
1341847987.390720
1341847987.422820
1341847987.458620
1341847987.490754
1341847987.526761
1341847987.558679
1341847987.590776
1341847987.626925
1341847987.658922
1341847987.691638
1341847987.726721
1341847987.758741
1341847987.794708
1341847987.826748
1341847987.865879
1341847987.897796
1341847987.933722
1341847987.965806
1341847987.997794
1341847988.033757
1341847988.065746
1341847988.098165
1341847988.133763
1341847988.165801
1341847988.201710
1341847988.233777
1341847988.265702
1341847988.301776
1341847988.333739
1341847988.369715
1341847988.401745
1341847988.433996
1341847988.469742
1341847988.502496
1341847988.537778
1341847988.569700
1341847988.601796
1341847988.637768
1341847988.669807
1341847988.706192
1341847988.737940
1341847988.769740
1341847988.806051
1341847988.837897
1341847988.873917
1341847988.937824
1341847988.998737
1341847989.034678
1341847989.066658
1341847989.098821
1341847989.134676
1341847989.166672
1341847989.202743
1341847989.234728
1341847989.266651
1341847989.302773
1341847989.334871
1341847989.366685
1341847989.402777
1341847989.434824
1341847989.470712
1341847989.502614
1341847989.534687
1341847989.570705
1341847989.602804
1341847989.634745
1341847989.670627
1341847989.702606
1341847989.738929
1341847989.770735
1341847989.802890
1341847989.838780
1341847989.870960
1341847989.902718
1341847989.938921
1341847989.970730
1341847990.006923
1341847990.039001
1341847990.070686
1341847990.106701
1341847990.139194
1341847990.171055
1341847990.207022
1341847990.238920
1341847990.274709
1341847990.306743
1341847990.339079
1341847990.374663
1341847990.406760
1341847990.442575
1341847990.474644
1341847990.506783
1341847990.542835
1341847990.574711
1341847990.642783
1341847990.674787
1341847990.710795
1341847990.742712
1341847990.774671
1341847990.810771
1341847990.842713
1341847990.874745
1341847990.910825
1341847990.942685
1341847990.978824
1341847991.010797
1341847991.042752
1341847991.078680
1341847991.111319
1341847991.142784
1341847991.178778
1341847991.210687
1341847991.246842
1341847991.278726
1341847991.310807
1341847991.346722
1341847991.378800
1341847991.414715
1341847991.446744
1341847991.478824
1341847991.514709
1341847991.546725
1341847991.578804
1341847991.614853
1341847991.646714
1341847991.689872
1341847991.746823
1341847991.782657
1341847991.814748
1341847991.846729
1341847991.882784
1341847991.915817
1341847991.950761
1341847991.982826
1341847992.014724
1341847992.050647
1341847992.082793
1341847992.114842
1341847992.150789
1341847992.182813
1341847992.218736
1341847992.250652
1341847992.318683
1341847992.350695
1341847992.382858
1341847992.418855
1341847992.450822
1341847992.486713
1341847992.518735
1341847992.550596
1341847992.586730
1341847992.618832
1341847992.654692
1341847992.686829
1341847992.718718
1341847992.754765
1341847992.786631
1341847992.818723
1341847992.854856
1341847992.886610
1341847992.922713
1341847992.954645
1341847992.986720
1341847993.022736
1341847993.054757
1341847993.086751
1341847993.122668
1341847993.154688
1341847993.190779
1341847993.222703
1341847993.261799
1341847993.322794
1341847993.354702
1341847993.390722
1341847993.422745
1341847993.458848
1341847993.490680
1341847993.522707
1341847993.558719
1341847993.590981
1341847993.626764
1341847993.658928
1341847993.690739
1341847993.727062
1341847993.790887
1341847993.826735
1341847993.858891
1341847993.901726
1341847993.933661
1341847993.965821
1341847994.001991
1341847994.034008
1341847994.065706
1341847994.101772
1341847994.133885
1341847994.169705
1341847994.201675
1341847994.233618
1341847994.269680
1341847994.301751
1341847994.333755
1341847994.369712
1341847994.401655
1341847994.433802
1341847994.469690
1341847994.501736
1341847994.537738
1341847994.569734
1341847994.601688
1341847994.637836
1341847994.669750
1341847994.701643
1341847994.769803
1341847994.831306
1341847994.866828
1341847994.898727
1341847994.930711
1341847994.966673
1341847994.998679
1341847995.030768
1341847995.066673
1341847995.098711
1341847995.134939
1341847995.166644
1341847995.198787
1341847995.234663
1341847995.266776
1341847995.298812
1341847995.334686
1341847995.366701
1341847995.402793
1341847995.434743
1341847995.466776
1341847995.502702
1341847995.534752
1341847995.566681
1341847995.602698
1341847995.634814
1341847995.670769
1341847995.702780
1341847995.734774
1341847995.770704
1341847995.802752
1341847995.838779
1341847995.870641
1341847995.902803
1341847995.938733
1341847995.970733
1341847996.002709
1341847996.038762
1341847996.070721
1341847996.106729
1341847996.138845
1341847996.170714
1341847996.206643
1341847996.239003
1341847996.270754
1341847996.338944
1341847996.374711
1341847996.406705
1341847996.438632
1341847996.474783
1341847996.506707
1341847996.538771
1341847996.574796
1341847996.607104
1341847996.642752
1341847996.674774
1341847996.706896
1341847996.742663
1341847996.774747
1341847996.806787
1341847996.842763
1341847996.874766
1341847996.910785
1341847996.942686
1341847996.974782
1341847997.010744
1341847997.042675
1341847997.078725
1341847997.142993
1341847997.178794
1341847997.210888
1341847997.242959
1341847997.278756
1341847997.311412
1341847997.346642
1341847997.378668
1341847997.410817
1341847997.446693
1341847997.478752
1341847997.510941
1341847997.546599
1341847997.578740
1341847997.614736
1341847997.646995
1341847997.678842
1341847997.714639
1341847997.746602
1341847997.778734
1341847997.846906
1341847997.882641
1341847997.915169
1341847997.946999
1341847997.982715
1341847998.014866
1341847998.050805
1341847998.082631
1341847998.122275
1341847998.154051
1341847998.185663
1341847998.253760
1341847998.318804
1341847998.351206
1341847998.382723
1341847998.419237
1341847998.450786
1341847998.484037
1341847998.518722
1341847998.550746
1341847998.586740
1341847998.618771
1341847998.650736
1341847998.686862
1341847998.718741
1341847998.750838
1341847998.786762
1341847998.818756
1341847998.854711
1341847998.886699
1341847998.918666
1341847998.954799
1341847998.986722
1341847999.018809
1341847999.054894
1341847999.086763
1341847999.122718
1341847999.154891
1341847999.186738
1341847999.222717
1341847999.290995
1341847999.322701
1341847999.354861
1341847999.390790
1341847999.423935
1341847999.454933
1341847999.490878
1341847999.522673
1341847999.558926
1341847999.590686
1341847999.622896
1341847999.658843
1341847999.691111
1341847999.722697
1341847999.758778
1341847999.791003
1341847999.826747
1341847999.858757
1341847999.897730
1341847999.958786
1341847999.990848
1341848000.026656
1341848000.058724
1341848000.094780
1341848000.126737
1341848000.158633
1341848000.194808
1341848000.227063
1341848000.266975
1341848000.327132
1341848000.362696
1341848000.394654
1341848000.426772
1341848000.462696
1341848000.494711
1341848000.530849
1341848000.562770
1341848000.594838
1341848000.630641
1341848000.662663
1341848000.695377
1341848000.730805
1341848000.762655
1341848000.798741
1341848000.830729
1341848000.862750
1341848000.898723
1341848000.930722
1341848000.963197
1341848000.998783
1341848001.030740
1341848001.067042
1341848001.098800
1341848001.130714
1341848001.205951
1341848001.266775
1341848001.299150
1341848001.334803
1341848001.366701
1341848001.399276
1341848001.434718
1341848001.466720
1341848001.502686
1341848001.534905
1341848001.567011
1341848001.602899
1341848001.634657
1341848001.666646
1341848001.734859
1341848001.770725
1341848001.802763
1341848001.834761
1341848001.870724
1341848001.902749
1341848001.934732
1341848001.970708
1341848002.002731
1341848002.038858
1341848002.070767
1341848002.102720
1341848002.138653
1341848002.171849
1341848002.202698
1341848002.238731
1341848002.270763
1341848002.306708
1341848002.338850
1341848002.370786
1341848002.406793
1341848002.438766
1341848002.474697
1341848002.506756
1341848002.538812
1341848002.574707
1341848002.606780
1341848002.639359
1341848002.674651
1341848002.713789
1341848002.774760
1341848002.806780
1341848002.842833
1341848002.875238
1341848002.906656
1341848002.943323
1341848002.974597
1341848003.010885
1341848003.042638
1341848003.074988
1341848003.110641
1341848003.142626
1341848003.242926
1341848003.278886
1341848003.310739
1341848003.342708
1341848003.378999
1341848003.410779
1341848003.442728
1341848003.478703
1341848003.510700
1341848003.546854
1341848003.578749
1341848003.617886
1341848003.649972
1341848003.685816
1341848003.717853
1341848003.753761
1341848003.785807
1341848003.817941
1341848003.853971
1341848003.885751
1341848003.921688
1341848003.953824
1341848003.985789
1341848004.021643
1341848004.053778
1341848004.089723
1341848004.121698
1341848004.153695
1341848004.189785
1341848004.221773
1341848004.257760
1341848004.289843
1341848004.321820
1341848004.357934
1341848004.389781
1341848004.421857
1341848004.457752
1341848004.489793
1341848004.525726
1341848004.557784
1341848004.589761
1341848004.625757
1341848004.657882
1341848004.689871
1341848004.725815
1341848004.757723
1341848004.789709
1341848004.825782
1341848004.857706
1341848004.889791
1341848004.925788
1341848004.957758
1341848004.993849
1341848005.025661
1341848005.057739
1341848005.093879
1341848005.125700
1341848005.157668
1341848005.193749
1341848005.225713
1341848005.257748
1341848005.293718
1341848005.325870
1341848005.357655
1341848005.393694
1341848005.425692
1341848005.461850
1341848005.493689
1341848005.525844
1341848005.561789
1341848005.593673
1341848005.629831
1341848005.661802
1341848005.693760
1341848005.729741
1341848005.761746
1341848005.797852
1341848005.829917
1341848005.861699
1341848005.897793
1341848005.929656
1341848005.965681
1341848005.997804
1341848006.029768
1341848006.065849
1341848006.097854
1341848006.133683
1341848006.165815
1341848006.197589
1341848006.233778
1341848006.265787
1341848006.301762
1341848006.333717
1341848006.366035
1341848006.401760
1341848006.433710
1341848006.469715
1341848006.501659
1341848006.533741
1341848006.569740
1341848006.601774
1341848006.637780
1341848006.670119
1341848006.701798
1341848006.737817
1341848006.769742
1341848006.801940
1341848006.837619
1341848006.870724
1341848006.901756
1341848006.937738
1341848006.969708
1341848007.005802
1341848007.037835
1341848007.069678
1341848007.105687
1341848007.137866
1341848007.169651
1341848007.205747
1341848007.237921
1341848007.298875
1341848007.331423
1341848007.366699
1341848007.398700
1341848007.434791
1341848007.466689
1341848007.498756
1341848007.534834
1341848007.566719
1341848007.598725
1341848007.634799
1341848007.666675
1341848007.702797
1341848007.734605
1341848007.766913
1341848007.802889
1341848007.834962
1341848007.866745
1341848007.902779
1341848007.934851
1341848007.970690
1341848008.002709
1341848008.034820
1341848008.070825
1341848008.103209
1341848008.138809
1341848008.171058
1341848008.202734
1341848008.238657
1341848008.270710
1341848008.302748
1341848008.338769
1341848008.370731
1341848008.438870
1341848008.470807
1341848008.506855
1341848008.538786
1341848008.570727
1341848008.606698
1341848008.638714
1341848008.674639
1341848008.706785
1341848008.738678
1341848008.775071
1341848008.806865
1341848008.838798
1341848008.874631
1341848008.906680
1341848008.943051
1341848008.974723
1341848009.006825
1341848009.042740
1341848009.110807
1341848009.142732
1341848009.174693
1341848009.210697
1341848009.242869
1341848009.274683
1341848009.310898
1341848009.342882
1341848009.378700
1341848009.442927
1341848009.479022
1341848009.510631
1341848009.542815
1341848009.578814
1341848009.610955
1341848009.646873
1341848009.678666
1341848009.710835
1341848009.746819
1341848009.778767
1341848009.810661
1341848009.846800
1341848009.878688
1341848009.914782
1341848009.946990
1341848009.978905
1341848010.014819
1341848010.046835
1341848010.082650
1341848010.114748
1341848010.146752
1341848010.182709
1341848010.214739
1341848010.246831
1341848010.282749
1341848010.314754
1341848010.351054
1341848010.382819
1341848010.414692
1341848010.450872
1341848010.483088
1341848010.514760
1341848010.550631
1341848010.582861
1341848010.618690
1341848010.650956
1341848010.682633
1341848010.718753
1341848010.750922
1341848010.782711
1341848010.818844
1341848010.850765
1341848010.886687
1341848010.918833
1341848010.950793
1341848010.986761
1341848011.018704
1341848011.051016
1341848011.086749
1341848011.118701
1341848011.154630
1341848011.186671
1341848011.219095
1341848011.254693
1341848011.286627
1341848011.322712
1341848011.354750
1341848011.386749
1341848011.422722
1341848011.454654
1341848011.486754
1341848011.522854
1341848011.554674
1341848011.590867
1341848011.622723
1341848011.654892
1341848011.690778
1341848011.722610
1341848011.754796
1341848011.790831
1341848011.822705
1341848011.858763
1341848011.890689
1341848011.922914
1341848011.958828
1341848011.990755
1341848012.022737
1341848012.058861
1341848012.090822
1341848012.126859
1341848012.190967
1341848012.226750
1341848012.258713
1341848012.295247
1341848012.326868
1341848012.358782
1341848012.394721
1341848012.426830
1341848012.458805
1341848012.494697
1341848012.526756
1341848012.562690
1341848012.594669
1341848012.626774
1341848012.662763
1341848012.695339
1341848012.726854
1341848012.762672
1341848012.794727
1341848012.830669
1341848012.862795
1341848012.894740
1341848012.930848
1341848012.962752
1341848012.994842
1341848013.030944
1341848013.062714
1341848013.098784
1341848013.130817
1341848013.162759
1341848013.198719
1341848013.230855
1341848013.262723
1341848013.298709
1341848013.330754
1341848013.366705
1341848013.398748
1341848013.430850
1341848013.466959
1341848013.498782
1341848013.534779
1341848013.566664
1341848013.598764
1341848013.634812
1341848013.666669
1341848013.698821
1341848013.734623
1341848013.766827
1341848013.802717
1341848013.834802
1341848013.866791
1341848013.902735
1341848013.966740
1341848014.002717
1341848014.034942
1341848014.070990
1341848014.102686
1341848014.134725
1341848014.170724
1341848014.202658
1341848014.234751
1341848014.270714
1341848014.302738
1341848014.338694
1341848014.370553
1341848014.438848
1341848014.470783
1341848014.506633
1341848014.538728
1341848014.570790
1341848014.606858
1341848014.638688
1341848014.670828
1341848014.706765
1341848014.738691
1341848014.774750
1341848014.806669
1341848014.838740
1341848014.874686
1341848014.906647
1341848014.938697
1341848014.974705
1341848015.006657
1341848015.042593
1341848015.074864
1341848015.106838
1341848015.142691
1341848015.174708
1341848015.207238
1341848015.243495
1341848015.274780
1341848015.310598
1341848015.342895
1341848015.374733
1341848015.410655
1341848015.442783
1341848015.474959
1341848015.510927
1341848015.542834
1341848015.581753
1341848015.617769
1341848015.650094
1341848015.685811
1341848015.718057
1341848015.749815
1341848015.785761
1341848015.817883
1341848015.853811
1341848015.885654
1341848015.917793
1341848015.954005
1341848015.986663
1341848016.021677
1341848016.053936
1341848016.085724
1341848016.121844
1341848016.153821
1341848016.185769
1341848016.221734
1341848016.253686
1341848016.289960
1341848016.322013
1341848016.353746
1341848016.389789
1341848016.421705
1341848016.453901
1341848016.490058
1341848016.521813
1341848016.554210
1341848016.589825
1341848016.621860
1341848016.657837
1341848016.689891
1341848016.757848
1341848016.818817
1341848016.850754
1341848016.882757
1341848016.918907
1341848016.950706
1341848016.986658
1341848017.018678
1341848017.050760
1341848017.086845
1341848017.118641
1341848017.150678
1341848017.186855
1341848017.218765
1341848017.254693
1341848017.286638
1341848017.318695
1341848017.354737
1341848017.386825
1341848017.418824
1341848017.454792
1341848017.486699
1341848017.522694
1341848017.554797
1341848017.587838
1341848017.622714
1341848017.654814
1341848017.686820
1341848017.722837
1341848017.754780
1341848017.790699
1341848017.822756
1341848017.854726
1341848017.890737
1341848017.922823
1341848017.958643
1341848017.990683
1341848018.022671
1341848018.058766
1341848018.090894
1341848018.122747
1341848018.159145
1341848018.190824
1341848018.226660
1341848018.258766
1341848018.290747
1341848018.333905
1341848018.367205
1341848018.397728
1341848018.433770
1341848018.465663
1341848018.501822
1341848018.534507
1341848018.565849
1341848018.601739
1341848018.633687
1341848018.669811
1341848018.701756
1341848018.733853
1341848018.769715
1341848018.802234
1341848018.833759
1341848018.869787
1341848018.901964
1341848018.933795
1341848018.969688
1341848019.002336
1341848019.069833
1341848019.130792
1341848019.162652
1341848019.198644
1341848019.231114
1341848019.262728
1341848019.298715
1341848019.330680
1341848019.362697
1341848019.398715
1341848019.431028
1341848019.467021
1341848019.498756
1341848019.530821
1341848019.567087
1341848019.598737
1341848019.630654
1341848019.666875
1341848019.698668
1341848019.734756
1341848019.766703
1341848019.798719
1341848019.834660
1341848019.898833
1341848019.934782
1341848019.966705
1341848020.002811
1341848020.034693
1341848020.066696
1341848020.102776
1341848020.134758
1341848020.170835
1341848020.202706
1341848020.234873
1341848020.271152
1341848020.302754
1341848020.334861
1341848020.370812
1341848020.438816
1341848020.471200
1341848020.502691
1341848020.538748
1341848020.570790
1341848020.602764
1341848020.638929
1341848020.670809
1341848020.706669
1341848020.738994
1341848020.770817
1341848020.807216
1341848020.839066
1341848020.870955
1341848020.906582
1341848020.938790
1341848020.974874
1341848021.006632
1341848021.039636
1341848021.074762
1341848021.106691
1341848021.142795
1341848021.175038
1341848021.206698
1341848021.242671
1341848021.274899
1341848021.307283
1341848021.343359
1341848021.384830
1341848021.414272
1341848021.455728
1341848021.487906
1341848021.514696
1341848021.550755
1341848021.617752
1341848021.678764
1341848021.710743
1341848021.742811
1341848021.778676
1341848021.810867
1341848021.844563
1341848021.878887
1341848021.910628
1341848021.946714
1341848021.978747
1341848022.010782
1341848022.046709
1341848022.078665
1341848022.110954
1341848022.146749
1341848022.178988
1341848022.214773
1341848022.246774
1341848022.278764
1341848022.314757
1341848022.354110
1341848022.387191
1341848022.417848
1341848022.454164
1341848022.485638
1341848022.521730
1341848022.554231
1341848022.586067
1341848022.621801
1341848022.654208
1341848022.690287
1341848022.721700
1341848022.782985
1341848022.814772
1341848022.850799
1341848022.882710
1341848022.918835
1341848022.950815
1341848022.982728
1341848023.018822
1341848023.050766
1341848023.082738
1341848023.118789
1341848023.150992
1341848023.186687
1341848023.218702
1341848023.286758
1341848023.318763
1341848023.354762
1341848023.386908
1341848023.418717
1341848023.454710
1341848023.487092
1341848023.518675
1341848023.555068
1341848023.586796
1341848023.622845
1341848023.687172
1341848023.722693
1341848023.754690
1341848023.786854
1341848023.822788
1341848023.854825
1341848023.890666
1341848023.922784
1341848023.954826
1341848023.990739
1341848024.022671
1341848024.054725
1341848024.122843
1341848024.158762
1341848024.190945
1341848024.222838
1341848024.258826
1341848024.290769
1341848024.322705
1341848024.358743
1341848024.390878
1341848024.426783
1341848024.458795
1341848024.491019
1341848024.526783
1341848024.558627
1341848024.594736
1341848024.626657
1341848024.658717
1341848024.694820
1341848024.727054
1341848024.758938
1341848024.794701
1341848024.826727
1341848024.862797
1341848024.894777
1341848024.926754
1341848024.962678
1341848024.994729
1341848025.026872
1341848025.062647
1341848025.131056
1341848025.163080
1341848025.194910
1341848025.230646
1341848025.262679
1341848025.294743
1341848025.330653
1341848025.363022
1341848025.398825
1341848025.430687
1341848025.462832
1341848025.498683
1341848025.530800
1341848025.566751
1341848025.598738
1341848025.630731
1341848025.666677
1341848025.698755
1341848025.730719
1341848025.766716
1341848025.798909
1341848025.834828
1341848025.866679
1341848025.898725
1341848025.934824
1341848025.967138
1341848025.998679
1341848026.034640
1341848026.066857
1341848026.102823
1341848026.134670
1341848026.166699
1341848026.202754
1341848026.234940
1341848026.267001
1341848026.302861
1341848026.334824
1341848026.371024
1341848026.402725
1341848026.434734
1341848026.470839
1341848026.502672
1341848026.534739
1341848026.570847
1341848026.602721
1341848026.641972
1341848026.702795
1341848026.738795
1341848026.770813
1341848026.806747
1341848026.838668
1341848026.878025
1341848026.938881
1341848026.970651
1341848027.006815
1341848027.038669
1341848027.074785
1341848027.106663
1341848027.138671
1341848027.174831
1341848027.207212
1341848027.238696
1341848027.274701
1341848027.306705
1341848027.342775
1341848027.374943
1341848027.406837
1341848027.442959
1341848027.474800
1341848027.506714
1341848027.543310
1341848027.574717
1341848027.610716
1341848027.642684
1341848027.674731
1341848027.711026
1341848027.742789
1341848027.778768
1341848027.810746
1341848027.842836
1341848027.878669
1341848027.911127
1341848027.942732
1341848027.978757
1341848028.011034
1341848028.046706
1341848028.078967
1341848028.110971
1341848028.150637
1341848028.186050
1341848028.254235
1341848028.314908
1341848028.378956
1341848028.414628
1341848028.447632
1341848028.482785
1341848028.514701
1341848028.546612
1341848028.582747
1341848028.614649
1341848028.653766
1341848028.721828
1341848028.782861
1341848028.814757
1341848028.850773
1341848028.882714
1341848028.914838
1341848028.950881
1341848028.982690
1341848029.018728
1341848029.082877
1341848029.118800
1341848029.150715
1341848029.182676
1341848029.218708
1341848029.250626
1341848029.286969
1341848029.320225
1341848029.350954
1341848029.386923
1341848029.418757
1341848029.450819
1341848029.486788
1341848029.518925
1341848029.554721
1341848029.586990
1341848029.618715
1341848029.655302
1341848029.686830
1341848029.718752
1341848029.754791
1341848029.786949
1341848029.822778
1341848029.854811
1341848029.887992
1341848029.922779
1341848029.954640
1341848029.990762
1341848030.022873
1341848030.054776
1341848030.090782
1341848030.122796
1341848030.154918
1341848030.190683
1341848030.222713
1341848030.258930
1341848030.290864
1341848030.322775
1341848030.358886
1341848030.390832
1341848030.422795
1341848030.458888
1341848030.490846
1341848030.526716
1341848030.565795
1341848030.626961
1341848030.658903
1341848030.690656
1341848030.726765
1341848030.758759
1341848030.794692
1341848030.827483
1341848030.859838
1341848030.894711
1341848030.926741
1341848030.958727
1341848030.994735
1341848031.026698
1341848031.062783
1341848031.094761
1341848031.126776
1341848031.162860
1341848031.194685
1341848031.230953
1341848031.262715
1341848031.294747
1341848031.330754
1341848031.363008
1341848031.394753
1341848031.430611
1341848031.472150
1341848031.502110
1341848031.562876
1341848031.598730
1341848031.630816
1341848031.662784
1341848031.698757
1341848031.730668
1341848031.766658
1341848031.798743
1341848031.830821
1341848031.866735
1341848031.898722
1341848031.930844
1341848031.966694
1341848031.998742
1341848032.034711
1341848032.066718
1341848032.098732
1341848032.134739
1341848032.166964
1341848032.203043
1341848032.234663
1341848032.266730
1341848032.302842
1341848032.334617
1341848032.366699
1341848032.402980
1341848032.434730
1341848032.470791
1341848032.502972
1341848032.534733
1341848032.570910
1341848032.603044
1341848032.634746
1341848032.670780
1341848032.702791
1341848032.738725
1341848032.770741
1341848032.802941
1341848032.838781
1341848032.870732
1341848032.902707
1341848032.938845
1341848032.970816
1341848033.006687
1341848033.039238
1341848033.070841
1341848033.106948
1341848033.139110
1341848033.170741
1341848033.206854
1341848033.238728
1341848033.274940
1341848033.306665
1341848033.338836
1341848033.374810
1341848033.406805
1341848033.443097
1341848033.474671
1341848033.506807
1341848033.542876
1341848033.574826
1341848033.606870
1341848033.642934
1341848033.674924
1341848033.710808
1341848033.742797
1341848033.774817
1341848033.811114
1341848033.842774
1341848033.874878
1341848033.911229
1341848033.942752
1341848033.978916
1341848034.010755
1341848034.042713
1341848034.078802
1341848034.110771
1341848034.142710
1341848034.178809
1341848034.210696
1341848034.246723
1341848034.278739
1341848034.318061
1341848034.353785
1341848034.386162
1341848034.421769
1341848034.453838
1341848034.485678
1341848034.521747
1341848034.553684
1341848034.585774
1341848034.653784
1341848034.715163
1341848034.746742
1341848034.782798
1341848034.814737
1341848034.846851
1341848034.882707
1341848034.914816
1341848034.951491
1341848034.983028
1341848035.014942
1341848035.050945
1341848035.084295
1341848035.118886
1341848035.218946
1341848035.284261
1341848035.319914
1341848035.350991
1341848035.422709
1341848035.486822
1341848035.518623
1341848035.550852
1341848035.586716
1341848035.618790
1341848035.654654
1341848035.686693
1341848035.718791
1341848035.755991
1341848035.786729
1341848035.818784
1341848035.854701
1341848035.886689
1341848035.922832
1341848035.954633
1341848035.986741
1341848036.022779
1341848036.054911
1341848036.087013
1341848036.122737
1341848036.154810
1341848036.190835
1341848036.223282
1341848036.254692
1341848036.290758
1341848036.354859
1341848036.390843
1341848036.458823
1341848036.491205
1341848036.522726
1341848036.558942
1341848036.590723
1341848036.626802
1341848036.658670
1341848036.691175
1341848036.726753
1341848036.758851
1341848036.790720
1341848036.826992
1341848036.858633
1341848036.926846
1341848036.958725
1341848036.994836
1341848037.026790
1341848037.061042
1341848037.094661
1341848037.126709
1341848037.162789
1341848037.194724
1341848037.227032
1341848037.263738
1341848037.295192
1341848037.326868
1341848037.362746
1341848037.395057
1341848037.430946
1341848037.462765
1341848037.530725
1341848037.562958
1341848037.595756
1341848037.630756
1341848037.662669
1341848037.698670
1341848037.730964
1341848037.769764
1341848037.837792
1341848037.898921
1341848037.930939
1341848037.966864
1341848037.998629
1341848038.030908
1341848038.066849
1341848038.098674
1341848038.134662
1341848038.166674
1341848038.198711
1341848038.234726
1341848038.274093
1341848038.306525
1341848038.341933
1341848038.374117
1341848038.409802
1341848038.441825
1341848038.473889
1341848038.510185
1341848038.566862
1341848038.602989
1341848038.634739
1341848038.670685
1341848038.702868
1341848038.734794
1341848038.770741
1341848038.802800
1341848038.838770
1341848038.871141
1341848038.902781
1341848038.938767
1341848038.970765
1341848039.002634
1341848039.038895
1341848039.070805
1341848039.106775
1341848039.138656
1341848039.170737
1341848039.206814
1341848039.238881
1341848039.270959
1341848039.306747
1341848039.338889
1341848039.374766
1341848039.406886
1341848039.438853
1341848039.474867
1341848039.507121
1341848039.538659
1341848039.574890
1341848039.606721
1341848039.642714
1341848039.674760
1341848039.707168
1341848039.742862
1341848039.775334
1341848039.806875
1341848039.843282
1341848039.881803
1341848039.943367
1341848039.974815
1341848040.010707
1341848040.042768
1341848040.078716
1341848040.110819
1341848040.142744
1341848040.178810
1341848040.211029
1341848040.242681
1341848040.278950
1341848040.310719
1341848040.346920
1341848040.378809
1341848040.410884
1341848040.446720
1341848040.478680
1341848040.517796
1341848040.578879
1341848040.614917
1341848040.646758
1341848040.679034
1341848040.714653
1341848040.746821
1341848040.778774
1341848040.814675
1341848040.846908
1341848040.882827
1341848040.914699
1341848040.946862
1341848040.984484
1341848041.022638
1341848041.058859
1341848041.094347
1341848041.122188
1341848041.189954
1341848041.250726
1341848041.283054
1341848041.319290
1341848041.355465
1341848041.384901
1341848041.418768
1341848041.450845
1341848041.482801
1341848041.518788
1341848041.550730
1341848041.586805
1341848041.618743
1341848041.650957
1341848041.686781
1341848041.718789
1341848041.750776
1341848041.786711
1341848041.818704
1341848041.854747
1341848041.886710
1341848041.918718
1341848041.994975
1341848042.018871
1341848042.054627
1341848042.089498
1341848042.122881
1341848042.154788
1341848042.186714
1341848042.222883
1341848042.254762
1341848042.290694
1341848042.322759
1341848042.354987
1341848042.390711
1341848042.429737
1341848042.490921
1341848042.522713
1341848042.558691
1341848042.590841
1341848042.622730
1341848042.658741
1341848042.697779
1341848042.729778
1341848042.761637
1341848042.797954
1341848042.829708
1341848042.861726
1341848042.897767
1341848042.929860
1341848042.965708
1341848042.997994
1341848043.030335
1341848043.065737
1341848043.097862
1341848043.133955
1341848043.165792
1341848043.201879
1341848043.233861
1341848043.265717
1341848043.301798
1341848043.334034
1341848043.369819
1341848043.401743
1341848043.433949
1341848043.469625
1341848043.501696
1341848043.537825
1341848043.569664
1341848043.601838
1341848043.637798
1341848043.670144
1341848043.701979
1341848043.737757
1341848043.769828
1341848043.805817
1341848043.837855
1341848043.869697
1341848043.905731
1341848043.938034
1341848043.969826
1341848044.005919
1341848044.037703
1341848044.073762
1341848044.105804
1341848044.137722
1341848044.173825
1341848044.205750
1341848044.237767
1341848044.273822
1341848044.305742
1341848044.337838
1341848044.373688
1341848044.405874
1341848044.441696
1341848044.473716
1341848044.505687
1341848044.541856
1341848044.573760
1341848044.605829
1341848044.641741
1341848044.705966
1341848044.771011
1341848044.802833
1341848044.834852
1341848044.870686
1341848044.902692
1341848044.970797
1341848045.002641
1341848045.038733
1341848045.070849
1341848045.102831
1341848045.138762
1341848045.170759
1341848045.202698
1341848045.238872
1341848045.270833
1341848045.306816
1341848045.338698
1341848045.370799
1341848045.406703
1341848045.438695
1341848045.474692
1341848045.538886
1341848045.606920
1341848045.645890
1341848045.706968
1341848045.743092
1341848045.774776
1341848045.807609
1341848045.842865
1341848045.874777
1341848045.906765
1341848045.942758
1341848045.974768
1341848046.010763
1341848046.042828
1341848046.074722
1341848046.110817
1341848046.142773
1341848046.181848
1341848046.219718
1341848046.249730
1341848046.283599
1341848046.317731
1341848046.349732
1341848046.382309
1341848046.417763
1341848046.449782
1341848046.485848
1341848046.517760
1341848046.549658
1341848046.586076
1341848046.617769
1341848046.653748
1341848046.714925
1341848046.746888
1341848046.778736
1341848046.814747
1341848046.846853
1341848046.878793
1341848046.915079
1341848046.946882
1341848046.982780
1341848047.015086
1341848047.047884
1341848047.089866
1341848047.147565
1341848047.214887
1341848047.250668
1341848047.282779
1341848047.314815
1341848047.350637
1341848047.383038
1341848047.414781
1341848047.450847
1341848047.482648
1341848047.518733
1341848047.550836
1341848047.582955
1341848047.618981
1341848047.650752
1341848047.689728
1341848047.750845
1341848047.786695
1341848047.818804
1341848047.850811
1341848047.886853
1341848047.918858
1341848047.954723
1341848047.986771
1341848048.018897
1341848048.054937
1341848048.086776
1341848048.118790
1341848048.154692
1341848048.186720
1341848048.222966
1341848048.254953
1341848048.286640
1341848048.322843
1341848048.354699
1341848048.386709
1341848048.422649
1341848048.454923
1341848048.490668
1341848048.522793
1341848048.554990
1341848048.590630
1341848048.622652
1341848048.658741
1341848048.690791
1341848048.722708
1341848048.758833
1341848048.791156
1341848048.822736
1341848048.858661
1341848048.891041
1341848048.926768
1341848048.958953
1341848048.990810
1341848049.026707
1341848049.058792
1341848049.090709
1341848049.126753
1341848049.158854
1341848049.194708
1341848049.226742
1341848049.258792
1341848049.294747
1341848049.326837
1341848049.358802
1341848049.394779
1341848049.426763
1341848049.462746
1341848049.494728
1341848049.526803
1341848049.562799
1341848049.594759
1341848049.626829
1341848049.662690
1341848049.695064
1341848049.730793
1341848049.762702
1341848049.794722
1341848049.830816
1341848049.869834
1341848049.930835
1341848049.963022
1341848049.998757
1341848050.030786
1341848050.062661
1341848050.098678
1341848050.130710
1341848050.166738
1341848050.198726
1341848050.230806
1341848050.266732
1341848050.298842
1341848050.330688
1341848050.366746
1341848050.398693
1341848050.434780
1341848050.466655
1341848050.498791
1341848050.534849
1341848050.566840
1341848050.598790
1341848050.634752
1341848050.666816
1341848050.702846
1341848050.734789
1341848050.766882
1341848050.802875
1341848050.834769
1341848050.870719
1341848050.902725
1341848050.934794
1341848050.970852
1341848051.002763
1341848051.035007
1341848051.070784
1341848051.102734
1341848051.138713
1341848051.170672
1341848051.238747
1341848051.270842
1341848051.302718
1341848051.338668
1341848051.370895
1341848051.406688
1341848051.440006
1341848051.470890
1341848051.506718
1341848051.538932
1341848051.570738
1341848051.606760
1341848051.638863
1341848051.674718
1341848051.706714
1341848051.738793
1341848051.774823
1341848051.806694
1341848051.838757
1341848051.874951
1341848051.906707
1341848051.942680
1341848051.974762
1341848052.006755
1341848052.042751
1341848052.074871
1341848052.143014
1341848052.178064
1341848052.211397
1341848052.242872
1341848052.311125
1341848052.342876
1341848052.379476
1341848052.412309
1341848052.444722
1341848052.481496
1341848052.543277
1341848052.579155
1341848052.617750
1341848052.678720
1341848052.710822
1341848052.746833
1341848052.778710
1341848052.810890
1341848052.846856
1341848052.878813
1341848052.914694
1341848052.946675
1341848052.978684
1341848053.014784
1341848053.046693
1341848053.082651
1341848053.114846
1341848053.146985
1341848053.183210
1341848053.214816
1341848053.247961
1341848053.289822
1341848053.321709
1341848053.353831
1341848053.386096
1341848053.421775
1341848053.453749
1341848053.485736
1341848053.521747
1341848053.553915
1341848053.589737
1341848053.621911
1341848053.653792
1341848053.689724
1341848053.721697
1341848053.758007
1341848053.789882
1341848053.821625
1341848053.857784
1341848053.889790
1341848053.951067
1341848053.986823
1341848054.051032
1341848054.086777
1341848054.118853
1341848054.155032
1341848054.186687
1341848054.219030
1341848054.254827
1341848054.286801
1341848054.322895
1341848054.354790
1341848054.387103
1341848054.422878
1341848054.454739
1341848054.486883
1341848054.522689
1341848054.554861
1341848054.590790
1341848054.622694
1341848054.656449
1341848054.691021
1341848054.722739
1341848054.754741
1341848054.790887
1341848054.822877
1341848054.858903
1341848054.890895
1341848054.922754
1341848054.958727
1341848054.991052
1341848055.023048
1341848055.058739
1341848055.090735
1341848055.126977
1341848055.159212
1341848055.190986
1341848055.226768
1341848055.258881
1341848055.294725
1341848055.326795
1341848055.358938
1341848055.394711
1341848055.426823
1341848055.458813
1341848055.494734
1341848055.526713
1341848055.562613
1341848055.594685
1341848055.626675
1341848055.662951
1341848055.694797
1341848055.726774
1341848055.762799
1341848055.794951
1341848055.830810
1341848055.862804
1341848055.894792
1341848055.930676
1341848055.962765
1341848055.994709
1341848056.030693
1341848056.062776
1341848056.098792
1341848056.130649
1341848056.162731
1341848056.198744
1341848056.230727
1341848056.263915
1341848056.298771
1341848056.330676
1341848056.366737
1341848056.398744
1341848056.430750
1341848056.466830
1341848056.498895
1341848056.534778
1341848056.566729
1341848056.598948
1341848056.634801
1341848056.666759
1341848056.698889
1341848056.734784
1341848056.766724
1341848056.802861
1341848056.834980
1341848056.866661
1341848056.902748
1341848056.934715
1341848056.966788
1341848057.002703
1341848057.034763
1341848057.070964
1341848057.102757
1341848057.134714
1341848057.170739
1341848057.202641
1341848057.234679
1341848057.270814
1341848057.302860
1341848057.338756
1341848057.370841
1341848057.402722
1341848057.438870
1341848057.470699
1341848057.506720
1341848057.538788
1341848057.571069
1341848057.606668
1341848057.638819
1341848057.670943
1341848057.706823
1341848057.738890
1341848057.774986
1341848057.806842
1341848057.838760
1341848057.874817
1341848057.906831
1341848057.938847
1341848057.975316
1341848058.006833
1341848058.042753
1341848058.075970
1341848058.106790
1341848058.142699
1341848058.174743
1341848058.207081
1341848058.242740
1341848058.274694
1341848058.310701
1341848058.343169
1341848058.374887
1341848058.410669
1341848058.442794
1341848058.474732
1341848058.542970
1341848058.578948
1341848058.610842
1341848058.643060
1341848058.678730
1341848058.710728
1341848058.746819
1341848058.778710
1341848058.810874
1341848058.846829
1341848058.879577
1341848058.946807
1341848058.978865
1341848059.014660
1341848059.046707
1341848059.078771
1341848059.114675
1341848059.146706
1341848059.178722
1341848059.214738
1341848059.246762
1341848059.282693
1341848059.314667
1341848059.346758
1341848059.382694
1341848059.414736
1341848059.446788
1341848059.482693
1341848059.514652
1341848059.550754
1341848059.582695
1341848059.614734
1341848059.650722
1341848059.682731
1341848059.718703
1341848059.750904
1341848059.782774
1341848059.818759
1341848059.850685
1341848059.882730
1341848059.918755
1341848059.950805
1341848059.986776
1341848060.018660
1341848060.050701
1341848060.086783
1341848060.118813
1341848060.150800
1341848060.186872
1341848060.218851
1341848060.254799
1341848060.287466
1341848060.318914
1341848060.354641
1341848060.387254
1341848060.418639
1341848060.454775
1341848060.486697
1341848060.522925
1341848060.554710
1341848060.586692
1341848060.622697
1341848060.656087
1341848060.687258
1341848060.723165
1341848060.757863
1341848060.790920
1341848060.823967
1341848060.862432
1341848060.923126
1341848060.960845
1341848060.996857
1341848061.030587
1341848061.062246
1341848061.100583
1341848061.129837
1341848061.197947
1341848061.259408
1341848061.290885
1341848061.326612
1341848061.358867
1341848061.390845
1341848061.426913
1341848061.458837
1341848061.494657
1341848061.526736
1341848061.558821
1341848061.594750
1341848061.626731
1341848061.658831
1341848061.694894
1341848061.726726
1341848061.762815
1341848061.794816
1341848061.826740
1341848061.862883
1341848061.894834
1341848061.930667
1341848061.962828
1341848061.997188
1341848062.030704
1341848062.063265
1341848062.094872
1341848062.130773
1341848062.163385
1341848062.198718
1341848062.230750
1341848062.262814
1341848062.299276
1341848062.330839
1341848062.362763
1341848062.398825
1341848062.430832
1341848062.466855
1341848062.498723
1341848062.530743
1341848062.566929
1341848062.598817
1341848062.630793
1341848062.666740
1341848062.698720
1341848062.734924
1341848062.766819
1341848062.798717
1341848062.834828
1341848062.866781
1341848062.899075
1341848062.934962
1341848062.966930
1341848063.002905
1341848063.034972
1341848063.066737
1341848063.102822
1341848063.135045
1341848063.170739
1341848063.202662
1341848063.234990
1341848063.270800
1341848063.302788
1341848063.334854
1341848063.370653
1341848063.402698
1341848063.439276
1341848063.470742
1341848063.502776
1341848063.541802
1341848063.577805
1341848063.609732
1341848063.643039
1341848063.677955
1341848063.709890
1341848063.745768
1341848063.777773
1341848063.809840
1341848063.845733
1341848063.877902
1341848063.913769
1341848063.945802
1341848063.977856
1341848064.013951
1341848064.045815
1341848064.081699
1341848064.113685
1341848064.145823
1341848064.181846
1341848064.213863
1341848064.249771
1341848064.282977
1341848064.313795
1341848064.349790
1341848064.382619
1341848064.418063
1341848064.449767
1341848064.481773
1341848064.518010
1341848064.549704
1341848064.581714
1341848064.617693
1341848064.649724
1341848064.685821
1341848064.749892
1341848064.810737
1341848064.842702
1341848064.878850
1341848064.910832
1341848064.946850
1341848064.978809
1341848065.010770
1341848065.046751
1341848065.078713
1341848065.110686
1341848065.146689
1341848065.178847
1341848065.214760
1341848065.246768
1341848065.278735
1341848065.314761
1341848065.346776
1341848065.382824
1341848065.414914
1341848065.446728
1341848065.482830
1341848065.514745
1341848065.546916
1341848065.582742
1341848065.614763
1341848065.682873
1341848065.714808
1341848065.750674
1341848065.782722
1341848065.814742
1341848065.850746
1341848065.918698
1341848065.950762
1341848065.982774
1341848066.018773
1341848066.050717
1341848066.082818
1341848066.118721
1341848066.150964
1341848066.186782
1341848066.218688
1341848066.250777
1341848066.286736
1341848066.318695
1341848066.354797
1341848066.386761
1341848066.418820
1341848066.454695
1341848066.486874
1341848066.522806
1341848066.555107
1341848066.623500
1341848066.655239
1341848066.697724
1341848066.732527
1341848066.764415
1341848066.795253
1341848066.833355
1341848066.862103
1341848066.905023
1341848066.930221
1341848066.997936
1341848067.054702
1341848067.090940
1341848067.122963
1341848067.158821
1341848067.191143
1341848067.222948
1341848067.258733
1341848067.322816
1341848067.358674
1341848067.390706
1341848067.426869
1341848067.458745
1341848067.491527
1341848067.526659
1341848067.558770
1341848067.594659
1341848067.626656
1341848067.658983
1341848067.694893
1341848067.726732
1341848067.758667
1341848067.794813
1341848067.826795
1341848067.862808
